0.0 0.0 0.0 0.0 0.0 0.0 0.0 0.0 0.0 0.0 0.0 0.0
0.0 0.0 0.0 0.0 0.0 0.0 0.0 0.0 0.0 0.0 0.0 0.0
0.0 0.0 0.0 0.0 0.0 0.0 0.0 0.0 0.0 0.0 0.0 0.0
0.0 0.0 0.0 0.0 0.0 0.0 0.0 0.0 0.0 0.0 0.0 0.0
0.0 0.0 0.0 0.0 0.0 0.0 0.0 0.0 0.0 0.0 0.0 0.0
0.0 0.0 0.0 0.0 0.0 0.0 0.0 0.0 0.0 0.0 0.0 0.0
0.0 0.0 0.0 0.0 0.0 0.0 0.0 0.0 0.0 0.0 0.0 0.0
0.0 0.0 0.0 0.0 0.0 0.0 0.0 0.0 0.0 0.0 0.0 0.0
0.0 0.0 0.0 0.0 0.0 0.0 0.0 0.0 0.0 0.0 0.0 0.0
0.0 0.0 0.0 0.0 0.0 0.0 0.0 0.0 0.0 0.0 0.0 0.0
0.0 0.0 0.0 0.0 0.0 0.0 0.0 0.0 0.0 0.0 0.0 0.0
0.0 0.0 0.0 0.0 0.0 0.0 0.0 0.0 0.0 0.0 0.0 0.0
0.9999992579674603 -0.0011566935910768475 0.0003822622991010438 0.24373405771594941 0.001156709128827687 0.9999993301945497 -4.0428247524225414e-05 0.04611960321874583 -0.0003822152799648204 4.087038381615782e-05 0.9999999261205429 0.9687449051779645
0.9999992579674603 -0.0011566935910768475 0.0003822622991010438 0.24373405771594941 0.001156709128827687 0.9999993301945497 -4.0428247524225414e-05 0.04611960321874583 -0.0003822152799648204 4.087038381615782e-05 0.9999999261205429 0.9687449051779645
0.9999992579674603 -0.0011566935910768475 0.0003822622991010438 0.24373405771594941 0.001156709128827687 0.9999993301945497 -4.0428247524225414e-05 0.04611960321874583 -0.0003822152799648204 4.087038381615782e-05 0.9999999261205429 0.9687449051779645
0.9999992579674603 -0.0011566935910768475 0.0003822622991010438 0.24373405771594941 0.001156709128827687 0.9999993301945497 -4.0428247524225414e-05 0.04611960321874583 -0.0003822152799648204 4.087038381615782e-05 0.9999999261205429 0.9687449051779645
0.9999992579674603 -0.0011566935910768475 0.0003822622991010438 0.24373405771594941 0.001156709128827687 0.9999993301945497 -4.0428247524225414e-05 0.04611960321874583 -0.0003822152799648204 4.087038381615782e-05 0.9999999261205429 0.9687449051779645
0.9999992579674603 -0.0011566935910768475 0.0003822622991010438 0.24373405771594941 0.001156709128827687 0.9999993301945497 -4.0428247524225414e-05 0.04611960321874583 -0.0003822152799648204 4.087038381615782e-05 0.9999999261205429 0.9687449051779645
0.9999992579674603 -0.0011566935910768475 0.0003822622991010438 0.24373405771594941 0.001156709128827687 0.9999993301945497 -4.0428247524225414e-05 0.04611960321874583 -0.0003822152799648204 4.087038381615782e-05 0.9999999261205429 0.9687449051779645
0.9999992579674603 -0.0011566935910768475 0.0003822622991010438 0.24373405771594941 0.001156709128827687 0.9999993301945497 -4.0428247524225414e-05 0.04611960321874583 -0.0003822152799648204 4.087038381615782e-05 0.9999999261205429 0.9687449051779645
0.9999992579674603 -0.0011566935910768475 0.0003822622991010438 0.24373405771594941 0.001156709128827687 0.9999993301945497 -4.0428247524225414e-05 0.04611960321874583 -0.0003822152799648204 4.087038381615782e-05 0.9999999261205429 0.9687449051779645
0.9999992579674603 -0.0011566935910768475 0.0003822622991010438 0.24373405771594941 0.001156709128827687 0.9999993301945497 -4.0428247524225414e-05 0.04611960321874583 -0.0003822152799648204 4.087038381615782e-05 0.9999999261205429 0.9687449051779645
0.9999992579674603 -0.0011566935910768475 0.0003822622991010438 0.24373405771594941 0.001156709128827687 0.9999993301945497 -4.0428247524225414e-05 0.04611960321874583 -0.0003822152799648204 4.087038381615782e-05 0.9999999261205429 0.9687449051779645
0.9999992579674603 -0.0011566935910768475 0.0003822622991010438 0.24373405771594941 0.001156709128827687 0.9999993301945497 -4.0428247524225414e-05 0.04611960321874583 -0.0003822152799648204 4.087038381615782e-05 0.9999999261205429 0.9687449051779645
0.9999995482096109 -0.0006133829964394607 -0.0007261830855653395 -28.610100028244414 0.000612302074108574 0.9999987057884774 -0.0014877861205765954 0.09889665277431736 0.0007270947284394566 0.0014873408049998352 0.9999986295743537 13.335333677797466
0.9999995482096109 -0.0006133829964394607 -0.0007261830855653395 -28.610100028244414 0.000612302074108574 0.9999987057884774 -0.0014877861205765954 0.09889665277431736 0.0007270947284394566 0.0014873408049998352 0.9999986295743537 13.335333677797466
0.9999995482096109 -0.0006133829964394607 -0.0007261830855653395 -28.610100028244414 0.000612302074108574 0.9999987057884774 -0.0014877861205765954 0.09889665277431736 0.0007270947284394566 0.0014873408049998352 0.9999986295743537 13.335333677797466
0.9999995482096109 -0.0006133829964394607 -0.0007261830855653395 -28.610100028244414 0.000612302074108574 0.9999987057884774 -0.0014877861205765954 0.09889665277431736 0.0007270947284394566 0.0014873408049998352 0.9999986295743537 13.335333677797466
0.9999995482096109 -0.0006133829964394607 -0.0007261830855653395 -28.610100028244414 0.000612302074108574 0.9999987057884774 -0.0014877861205765954 0.09889665277431736 0.0007270947284394566 0.0014873408049998352 0.9999986295743537 13.335333677797466
0.9999995482096109 -0.0006133829964394607 -0.0007261830855653395 -28.610100028244414 0.000612302074108574 0.9999987057884774 -0.0014877861205765954 0.09889665277431736 0.0007270947284394566 0.0014873408049998352 0.9999986295743537 13.335333677797466
0.9999995482096109 -0.0006133829964394607 -0.0007261830855653395 -28.610100028244414 0.000612302074108574 0.9999987057884774 -0.0014877861205765954 0.09889665277431736 0.0007270947284394566 0.0014873408049998352 0.9999986295743537 13.335333677797466
0.9999995482096109 -0.0006133829964394607 -0.0007261830855653395 -28.610100028244414 0.000612302074108574 0.9999987057884774 -0.0014877861205765954 0.09889665277431736 0.0007270947284394566 0.0014873408049998352 0.9999986295743537 13.335333677797466
0.9999995482096109 -0.0006133829964394607 -0.0007261830855653395 -28.610100028244414 0.000612302074108574 0.9999987057884774 -0.0014877861205765954 0.09889665277431736 0.0007270947284394566 0.0014873408049998352 0.9999986295743537 13.335333677797466
0.9999995482096109 -0.0006133829964394607 -0.0007261830855653395 -28.610100028244414 0.000612302074108574 0.9999987057884774 -0.0014877861205765954 0.09889665277431736 0.0007270947284394566 0.0014873408049998352 0.9999986295743537 13.335333677797466
0.9999995482096109 -0.0006133829964394607 -0.0007261830855653395 -28.610100028244414 0.000612302074108574 0.9999987057884774 -0.0014877861205765954 0.09889665277431736 0.0007270947284394566 0.0014873408049998352 0.9999986295743537 13.335333677797466
0.9999995482096109 -0.0006133829964394607 -0.0007261830855653395 -28.610100028244414 0.000612302074108574 0.9999987057884774 -0.0014877861205765954 0.09889665277431736 0.0007270947284394566 0.0014873408049998352 0.9999986295743537 13.335333677797466
0.9999983461002987 -0.0015411454962711278 -0.0009657469784476356 -30.63908813391001 0.0015393298636136934 0.9999970518589169 -0.001877960874548705 0.377491047910958 0.0009686383422330557 0.0018764711654252746 0.9999977702953778 16.52370321177393
0.9999983461002987 -0.0015411454962711278 -0.0009657469784476356 -30.63908813391001 0.0015393298636136934 0.9999970518589169 -0.001877960874548705 0.377491047910958 0.0009686383422330557 0.0018764711654252746 0.9999977702953778 16.52370321177393
0.9999983461002987 -0.0015411454962711278 -0.0009657469784476356 -30.63908813391001 0.0015393298636136934 0.9999970518589169 -0.001877960874548705 0.377491047910958 0.0009686383422330557 0.0018764711654252746 0.9999977702953778 16.52370321177393
0.9999983461002987 -0.0015411454962711278 -0.0009657469784476356 -30.63908813391001 0.0015393298636136934 0.9999970518589169 -0.001877960874548705 0.377491047910958 0.0009686383422330557 0.0018764711654252746 0.9999977702953778 16.52370321177393
0.9999983461002987 -0.0015411454962711278 -0.0009657469784476356 -30.63908813391001 0.0015393298636136934 0.9999970518589169 -0.001877960874548705 0.377491047910958 0.0009686383422330557 0.0018764711654252746 0.9999977702953778 16.52370321177393
0.9999983461002987 -0.0015411454962711278 -0.0009657469784476356 -30.63908813391001 0.0015393298636136934 0.9999970518589169 -0.001877960874548705 0.377491047910958 0.0009686383422330557 0.0018764711654252746 0.9999977702953778 16.52370321177393
0.9999983461002987 -0.0015411454962711278 -0.0009657469784476356 -30.63908813391001 0.0015393298636136934 0.9999970518589169 -0.001877960874548705 0.377491047910958 0.0009686383422330557 0.0018764711654252746 0.9999977702953778 16.52370321177393
0.9999983461002987 -0.0015411454962711278 -0.0009657469784476356 -30.63908813391001 0.0015393298636136934 0.9999970518589169 -0.001877960874548705 0.377491047910958 0.0009686383422330557 0.0018764711654252746 0.9999977702953778 16.52370321177393
0.9999983461002987 -0.0015411454962711278 -0.0009657469784476356 -30.63908813391001 0.0015393298636136934 0.9999970518589169 -0.001877960874548705 0.377491047910958 0.0009686383422330557 0.0018764711654252746 0.9999977702953778 16.52370321177393
0.9999983461002987 -0.0015411454962711278 -0.0009657469784476356 -30.63908813391001 0.0015393298636136934 0.9999970518589169 -0.001877960874548705 0.377491047910958 0.0009686383422330557 0.0018764711654252746 0.9999977702953778 16.52370321177393
0.9999983461002987 -0.0015411454962711278 -0.0009657469784476356 -30.63908813391001 0.0015393298636136934 0.9999970518589169 -0.001877960874548705 0.377491047910958 0.0009686383422330557 0.0018764711654252746 0.9999977702953778 16.52370321177393
0.9999983461002987 -0.0015411454962711278 -0.0009657469784476356 -30.63908813391001 0.0015393298636136934 0.9999970518589169 -0.001877960874548705 0.377491047910958 0.0009686383422330557 0.0018764711654252746 0.9999977702953778 16.52370321177393
0.9999966649939799 -0.0019571760397025305 0.0016850705822905082 -24.18146246908212 0.0019608892389615397 0.9999956469597976 -0.0022047618577247536 2.2398272317538455 -0.0016807481400295434 0.0022080587416024398 0.9999961497737295 24.32455236452023
0.9999966649939799 -0.0019571760397025305 0.0016850705822905082 -24.18146246908212 0.0019608892389615397 0.9999956469597976 -0.0022047618577247536 2.2398272317538455 -0.0016807481400295434 0.0022080587416024398 0.9999961497737295 24.32455236452023
0.9999966649939799 -0.0019571760397025305 0.0016850705822905082 -24.18146246908212 0.0019608892389615397 0.9999956469597976 -0.0022047618577247536 2.2398272317538455 -0.0016807481400295434 0.0022080587416024398 0.9999961497737295 24.32455236452023
0.9999966649939799 -0.0019571760397025305 0.0016850705822905082 -24.18146246908212 0.0019608892389615397 0.9999956469597976 -0.0022047618577247536 2.2398272317538455 -0.0016807481400295434 0.0022080587416024398 0.9999961497737295 24.32455236452023
0.9999966649939799 -0.0019571760397025305 0.0016850705822905082 -24.18146246908212 0.0019608892389615397 0.9999956469597976 -0.0022047618577247536 2.2398272317538455 -0.0016807481400295434 0.0022080587416024398 0.9999961497737295 24.32455236452023
0.9999966649939799 -0.0019571760397025305 0.0016850705822905082 -24.18146246908212 0.0019608892389615397 0.9999956469597976 -0.0022047618577247536 2.2398272317538455 -0.0016807481400295434 0.0022080587416024398 0.9999961497737295 24.32455236452023
0.9999966649939799 -0.0019571760397025305 0.0016850705822905082 -24.18146246908212 0.0019608892389615397 0.9999956469597976 -0.0022047618577247536 2.2398272317538455 -0.0016807481400295434 0.0022080587416024398 0.9999961497737295 24.32455236452023
0.9999966649939799 -0.0019571760397025305 0.0016850705822905082 -24.18146246908212 0.0019608892389615397 0.9999956469597976 -0.0022047618577247536 2.2398272317538455 -0.0016807481400295434 0.0022080587416024398 0.9999961497737295 24.32455236452023
0.9999966649939799 -0.0019571760397025305 0.0016850705822905082 -24.18146246908212 0.0019608892389615397 0.9999956469597976 -0.0022047618577247536 2.2398272317538455 -0.0016807481400295434 0.0022080587416024398 0.9999961497737295 24.32455236452023
0.9999966649939799 -0.0019571760397025305 0.0016850705822905082 -24.18146246908212 0.0019608892389615397 0.9999956469597976 -0.0022047618577247536 2.2398272317538455 -0.0016807481400295434 0.0022080587416024398 0.9999961497737295 24.32455236452023
0.9999966649939799 -0.0019571760397025305 0.0016850705822905082 -24.18146246908212 0.0019608892389615397 0.9999956469597976 -0.0022047618577247536 2.2398272317538455 -0.0016807481400295434 0.0022080587416024398 0.9999961497737295 24.32455236452023
0.9999966649939799 -0.0019571760397025305 0.0016850705822905082 -24.18146246908212 0.0019608892389615397 0.9999956469597976 -0.0022047618577247536 2.2398272317538455 -0.0016807481400295434 0.0022080587416024398 0.9999961497737295 24.32455236452023
0.9999982091620409 -0.0006413755874414423 0.001780536454731999 -27.776493980967256 0.000645142969260523 0.9999975529493973 -0.0021161015495573736 4.646094563997373 -0.0017791748817949267 0.002117246460537547 0.9999961758947709 28.911144443273905
0.9999982091620409 -0.0006413755874414423 0.001780536454731999 -27.776493980967256 0.000645142969260523 0.9999975529493973 -0.0021161015495573736 4.646094563997373 -0.0017791748817949267 0.002117246460537547 0.9999961758947709 28.911144443273905
0.9999982091620409 -0.0006413755874414423 0.001780536454731999 -27.776493980967256 0.000645142969260523 0.9999975529493973 -0.0021161015495573736 4.646094563997373 -0.0017791748817949267 0.002117246460537547 0.9999961758947709 28.911144443273905
0.9999982091620409 -0.0006413755874414423 0.001780536454731999 -27.776493980967256 0.000645142969260523 0.9999975529493973 -0.0021161015495573736 4.646094563997373 -0.0017791748817949267 0.002117246460537547 0.9999961758947709 28.911144443273905
0.9999982091620409 -0.0006413755874414423 0.001780536454731999 -27.776493980967256 0.000645142969260523 0.9999975529493973 -0.0021161015495573736 4.646094563997373 -0.0017791748817949267 0.002117246460537547 0.9999961758947709 28.911144443273905
0.9999982091620409 -0.0006413755874414423 0.001780536454731999 -27.776493980967256 0.000645142969260523 0.9999975529493973 -0.0021161015495573736 4.646094563997373 -0.0017791748817949267 0.002117246460537547 0.9999961758947709 28.911144443273905
0.9999982091620409 -0.0006413755874414423 0.001780536454731999 -27.776493980967256 0.000645142969260523 0.9999975529493973 -0.0021161015495573736 4.646094563997373 -0.0017791748817949267 0.002117246460537547 0.9999961758947709 28.911144443273905
0.9999982091620409 -0.0006413755874414423 0.001780536454731999 -27.776493980967256 0.000645142969260523 0.9999975529493973 -0.0021161015495573736 4.646094563997373 -0.0017791748817949267 0.002117246460537547 0.9999961758947709 28.911144443273905
0.9999982091620409 -0.0006413755874414423 0.001780536454731999 -27.776493980967256 0.000645142969260523 0.9999975529493973 -0.0021161015495573736 4.646094563997373 -0.0017791748817949267 0.002117246460537547 0.9999961758947709 28.911144443273905
0.9999982091620409 -0.0006413755874414423 0.001780536454731999 -27.776493980967256 0.000645142969260523 0.9999975529493973 -0.0021161015495573736 4.646094563997373 -0.0017791748817949267 0.002117246460537547 0.9999961758947709 28.911144443273905
0.9999982091620409 -0.0006413755874414423 0.001780536454731999 -27.776493980967256 0.000645142969260523 0.9999975529493973 -0.0021161015495573736 4.646094563997373 -0.0017791748817949267 0.002117246460537547 0.9999961758947709 28.911144443273905
0.9999982091620409 -0.0006413755874414423 0.001780536454731999 -27.776493980967256 0.000645142969260523 0.9999975529493973 -0.0021161015495573736 4.646094563997373 -0.0017791748817949267 0.002117246460537547 0.9999961758947709 28.911144443273905
0.9999961921291236 -0.0018203514424186284 0.002074137864007903 -28.6243081483255 0.0018249762838334089 0.9999958481404052 -0.0022300590835443775 4.689567276848548 -0.002070069761209572 0.0022338358441784108 0.9999953623835487 31.584406022663984
0.9999961921291236 -0.0018203514424186284 0.002074137864007903 -28.6243081483255 0.0018249762838334089 0.9999958481404052 -0.0022300590835443775 4.689567276848548 -0.002070069761209572 0.0022338358441784108 0.9999953623835487 31.584406022663984
0.9999961921291236 -0.0018203514424186284 0.002074137864007903 -28.6243081483255 0.0018249762838334089 0.9999958481404052 -0.0022300590835443775 4.689567276848548 -0.002070069761209572 0.0022338358441784108 0.9999953623835487 31.584406022663984
0.9999961921291236 -0.0018203514424186284 0.002074137864007903 -28.6243081483255 0.0018249762838334089 0.9999958481404052 -0.0022300590835443775 4.689567276848548 -0.002070069761209572 0.0022338358441784108 0.9999953623835487 31.584406022663984
0.9999961921291236 -0.0018203514424186284 0.002074137864007903 -28.6243081483255 0.0018249762838334089 0.9999958481404052 -0.0022300590835443775 4.689567276848548 -0.002070069761209572 0.0022338358441784108 0.9999953623835487 31.584406022663984
0.9999961921291236 -0.0018203514424186284 0.002074137864007903 -28.6243081483255 0.0018249762838334089 0.9999958481404052 -0.0022300590835443775 4.689567276848548 -0.002070069761209572 0.0022338358441784108 0.9999953623835487 31.584406022663984
0.9999961921291236 -0.0018203514424186284 0.002074137864007903 -28.6243081483255 0.0018249762838334089 0.9999958481404052 -0.0022300590835443775 4.689567276848548 -0.002070069761209572 0.0022338358441784108 0.9999953623835487 31.584406022663984
0.9999961921291236 -0.0018203514424186284 0.002074137864007903 -28.6243081483255 0.0018249762838334089 0.9999958481404052 -0.0022300590835443775 4.689567276848548 -0.002070069761209572 0.0022338358441784108 0.9999953623835487 31.584406022663984
0.9999961921291236 -0.0018203514424186284 0.002074137864007903 -28.6243081483255 0.0018249762838334089 0.9999958481404052 -0.0022300590835443775 4.689567276848548 -0.002070069761209572 0.0022338358441784108 0.9999953623835487 31.584406022663984
0.9999961921291236 -0.0018203514424186284 0.002074137864007903 -28.6243081483255 0.0018249762838334089 0.9999958481404052 -0.0022300590835443775 4.689567276848548 -0.002070069761209572 0.0022338358441784108 0.9999953623835487 31.584406022663984
0.9999961921291236 -0.0018203514424186284 0.002074137864007903 -28.6243081483255 0.0018249762838334089 0.9999958481404052 -0.0022300590835443775 4.689567276848548 -0.002070069761209572 0.0022338358441784108 0.9999953623835487 31.584406022663984
0.9999961921291236 -0.0018203514424186284 0.002074137864007903 -28.6243081483255 0.0018249762838334089 0.9999958481404052 -0.0022300590835443775 4.689567276848548 -0.002070069761209572 0.0022338358441784108 0.9999953623835487 31.584406022663984
0.9999974955777656 -0.0011393345238649133 0.0019263320165719816 -30.12471336679698 0.0011446124028453991 0.9999955884342392 -0.0027409805740737387 4.391429669019494 -0.0019232006246349934 0.0027431786130191972 0.9999943881194806 34.325883289964366
0.9999974955777656 -0.0011393345238649133 0.0019263320165719816 -30.12471336679698 0.0011446124028453991 0.9999955884342392 -0.0027409805740737387 4.391429669019494 -0.0019232006246349934 0.0027431786130191972 0.9999943881194806 34.325883289964366
0.9999974955777656 -0.0011393345238649133 0.0019263320165719816 -30.12471336679698 0.0011446124028453991 0.9999955884342392 -0.0027409805740737387 4.391429669019494 -0.0019232006246349934 0.0027431786130191972 0.9999943881194806 34.325883289964366
0.9999974955777656 -0.0011393345238649133 0.0019263320165719816 -30.12471336679698 0.0011446124028453991 0.9999955884342392 -0.0027409805740737387 4.391429669019494 -0.0019232006246349934 0.0027431786130191972 0.9999943881194806 34.325883289964366
0.9999974955777656 -0.0011393345238649133 0.0019263320165719816 -30.12471336679698 0.0011446124028453991 0.9999955884342392 -0.0027409805740737387 4.391429669019494 -0.0019232006246349934 0.0027431786130191972 0.9999943881194806 34.325883289964366
0.9999974955777656 -0.0011393345238649133 0.0019263320165719816 -30.12471336679698 0.0011446124028453991 0.9999955884342392 -0.0027409805740737387 4.391429669019494 -0.0019232006246349934 0.0027431786130191972 0.9999943881194806 34.325883289964366
0.9999974955777656 -0.0011393345238649133 0.0019263320165719816 -30.12471336679698 0.0011446124028453991 0.9999955884342392 -0.0027409805740737387 4.391429669019494 -0.0019232006246349934 0.0027431786130191972 0.9999943881194806 34.325883289964366
0.9999974955777656 -0.0011393345238649133 0.0019263320165719816 -30.12471336679698 0.0011446124028453991 0.9999955884342392 -0.0027409805740737387 4.391429669019494 -0.0019232006246349934 0.0027431786130191972 0.9999943881194806 34.325883289964366
0.9999974955777656 -0.0011393345238649133 0.0019263320165719816 -30.12471336679698 0.0011446124028453991 0.9999955884342392 -0.0027409805740737387 4.391429669019494 -0.0019232006246349934 0.0027431786130191972 0.9999943881194806 34.325883289964366
0.9999974955777656 -0.0011393345238649133 0.0019263320165719816 -30.12471336679698 0.0011446124028453991 0.9999955884342392 -0.0027409805740737387 4.391429669019494 -0.0019232006246349934 0.0027431786130191972 0.9999943881194806 34.325883289964366
0.9999974955777656 -0.0011393345238649133 0.0019263320165719816 -30.12471336679698 0.0011446124028453991 0.9999955884342392 -0.0027409805740737387 4.391429669019494 -0.0019232006246349934 0.0027431786130191972 0.9999943881194806 34.325883289964366
0.9999974955777656 -0.0011393345238649133 0.0019263320165719816 -30.12471336679698 0.0011446124028453991 0.9999955884342392 -0.0027409805740737387 4.391429669019494 -0.0019232006246349934 0.0027431786130191972 0.9999943881194806 34.325883289964366
0.9999972367889888 -0.0012051888358307155 0.002018398933816716 -33.630210534627956 0.0012109339851464308 0.999995212422782 -0.002847590279432855 5.762933548545399 -0.0020149573865630007 0.002850026558804541 0.9999939086291196 37.93291479885477
0.9999972367889888 -0.0012051888358307155 0.002018398933816716 -33.630210534627956 0.0012109339851464308 0.999995212422782 -0.002847590279432855 5.762933548545399 -0.0020149573865630007 0.002850026558804541 0.9999939086291196 37.93291479885477
0.9999972367889888 -0.0012051888358307155 0.002018398933816716 -33.630210534627956 0.0012109339851464308 0.999995212422782 -0.002847590279432855 5.762933548545399 -0.0020149573865630007 0.002850026558804541 0.9999939086291196 37.93291479885477
0.9999972367889888 -0.0012051888358307155 0.002018398933816716 -33.630210534627956 0.0012109339851464308 0.999995212422782 -0.002847590279432855 5.762933548545399 -0.0020149573865630007 0.002850026558804541 0.9999939086291196 37.93291479885477
0.9999972367889888 -0.0012051888358307155 0.002018398933816716 -33.630210534627956 0.0012109339851464308 0.999995212422782 -0.002847590279432855 5.762933548545399 -0.0020149573865630007 0.002850026558804541 0.9999939086291196 37.93291479885477
0.9999972367889888 -0.0012051888358307155 0.002018398933816716 -33.630210534627956 0.0012109339851464308 0.999995212422782 -0.002847590279432855 5.762933548545399 -0.0020149573865630007 0.002850026558804541 0.9999939086291196 37.93291479885477
0.9999972367889888 -0.0012051888358307155 0.002018398933816716 -33.630210534627956 0.0012109339851464308 0.999995212422782 -0.002847590279432855 5.762933548545399 -0.0020149573865630007 0.002850026558804541 0.9999939086291196 37.93291479885477
0.9999972367889888 -0.0012051888358307155 0.002018398933816716 -33.630210534627956 0.0012109339851464308 0.999995212422782 -0.002847590279432855 5.762933548545399 -0.0020149573865630007 0.002850026558804541 0.9999939086291196 37.93291479885477
0.9999972367889888 -0.0012051888358307155 0.002018398933816716 -33.630210534627956 0.0012109339851464308 0.999995212422782 -0.002847590279432855 5.762933548545399 -0.0020149573865630007 0.002850026558804541 0.9999939086291196 37.93291479885477
0.9999972367889888 -0.0012051888358307155 0.002018398933816716 -33.630210534627956 0.0012109339851464308 0.999995212422782 -0.002847590279432855 5.762933548545399 -0.0020149573865630007 0.002850026558804541 0.9999939086291196 37.93291479885477
0.9999972367889888 -0.0012051888358307155 0.002018398933816716 -33.630210534627956 0.0012109339851464308 0.999995212422782 -0.002847590279432855 5.762933548545399 -0.0020149573865630007 0.002850026558804541 0.9999939086291196 37.93291479885477
0.9999972367889888 -0.0012051888358307155 0.002018398933816716 -33.630210534627956 0.0012109339851464308 0.999995212422782 -0.002847590279432855 5.762933548545399 -0.0020149573865630007 0.002850026558804541 0.9999939086291196 37.93291479885477
0.9999980762867036 -0.001510793040156224 0.0012509705356119147 -31.844597897014612 0.0015147946369039446 0.9999937197137931 -0.003204049028948661 6.112565427333592 -0.0012461220241862393 0.003205937828734297 0.9999940845537728 40.808401309025314
0.9999980762867036 -0.001510793040156224 0.0012509705356119147 -31.844597897014612 0.0015147946369039446 0.9999937197137931 -0.003204049028948661 6.112565427333592 -0.0012461220241862393 0.003205937828734297 0.9999940845537728 40.808401309025314
0.9999980762867036 -0.001510793040156224 0.0012509705356119147 -31.844597897014612 0.0015147946369039446 0.9999937197137931 -0.003204049028948661 6.112565427333592 -0.0012461220241862393 0.003205937828734297 0.9999940845537728 40.808401309025314
0.9999980762867036 -0.001510793040156224 0.0012509705356119147 -31.844597897014612 0.0015147946369039446 0.9999937197137931 -0.003204049028948661 6.112565427333592 -0.0012461220241862393 0.003205937828734297 0.9999940845537728 40.808401309025314
0.9999980762867036 -0.001510793040156224 0.0012509705356119147 -31.844597897014612 0.0015147946369039446 0.9999937197137931 -0.003204049028948661 6.112565427333592 -0.0012461220241862393 0.003205937828734297 0.9999940845537728 40.808401309025314
0.9999980762867036 -0.001510793040156224 0.0012509705356119147 -31.844597897014612 0.0015147946369039446 0.9999937197137931 -0.003204049028948661 6.112565427333592 -0.0012461220241862393 0.003205937828734297 0.9999940845537728 40.808401309025314
0.9999980762867036 -0.001510793040156224 0.0012509705356119147 -31.844597897014612 0.0015147946369039446 0.9999937197137931 -0.003204049028948661 6.112565427333592 -0.0012461220241862393 0.003205937828734297 0.9999940845537728 40.808401309025314
0.9999980762867036 -0.001510793040156224 0.0012509705356119147 -31.844597897014612 0.0015147946369039446 0.9999937197137931 -0.003204049028948661 6.112565427333592 -0.0012461220241862393 0.003205937828734297 0.9999940845537728 40.808401309025314
0.9999980762867036 -0.001510793040156224 0.0012509705356119147 -31.844597897014612 0.0015147946369039446 0.9999937197137931 -0.003204049028948661 6.112565427333592 -0.0012461220241862393 0.003205937828734297 0.9999940845537728 40.808401309025314
0.9999980762867036 -0.001510793040156224 0.0012509705356119147 -31.844597897014612 0.0015147946369039446 0.9999937197137931 -0.003204049028948661 6.112565427333592 -0.0012461220241862393 0.003205937828734297 0.9999940845537728 40.808401309025314
0.9999980762867036 -0.001510793040156224 0.0012509705356119147 -31.844597897014612 0.0015147946369039446 0.9999937197137931 -0.003204049028948661 6.112565427333592 -0.0012461220241862393 0.003205937828734297 0.9999940845537728 40.808401309025314
0.9999980762867036 -0.001510793040156224 0.0012509705356119147 -31.844597897014612 0.0015147946369039446 0.9999937197137931 -0.003204049028948661 6.112565427333592 -0.0012461220241862393 0.003205937828734297 0.9999940845537728 40.808401309025314
0.9999964947921509 -0.0023987732679336977 0.001120843530733753 -35.54582720719476 0.0024012455614023836 0.9999946757658117 -0.002209628878962533 8.40378718382064 -0.0011155371644137068 0.00221231255430687 0.9999969306202874 44.06492455203791
0.9999964947921509 -0.0023987732679336977 0.001120843530733753 -35.54582720719476 0.0024012455614023836 0.9999946757658117 -0.002209628878962533 8.40378718382064 -0.0011155371644137068 0.00221231255430687 0.9999969306202874 44.06492455203791
0.9999964947921509 -0.0023987732679336977 0.001120843530733753 -35.54582720719476 0.0024012455614023836 0.9999946757658117 -0.002209628878962533 8.40378718382064 -0.0011155371644137068 0.00221231255430687 0.9999969306202874 44.06492455203791
0.9999964947921509 -0.0023987732679336977 0.001120843530733753 -35.54582720719476 0.0024012455614023836 0.9999946757658117 -0.002209628878962533 8.40378718382064 -0.0011155371644137068 0.00221231255430687 0.9999969306202874 44.06492455203791
0.9999964947921509 -0.0023987732679336977 0.001120843530733753 -35.54582720719476 0.0024012455614023836 0.9999946757658117 -0.002209628878962533 8.40378718382064 -0.0011155371644137068 0.00221231255430687 0.9999969306202874 44.06492455203791
0.9999964947921509 -0.0023987732679336977 0.001120843530733753 -35.54582720719476 0.0024012455614023836 0.9999946757658117 -0.002209628878962533 8.40378718382064 -0.0011155371644137068 0.00221231255430687 0.9999969306202874 44.06492455203791
0.9999964947921509 -0.0023987732679336977 0.001120843530733753 -35.54582720719476 0.0024012455614023836 0.9999946757658117 -0.002209628878962533 8.40378718382064 -0.0011155371644137068 0.00221231255430687 0.9999969306202874 44.06492455203791
0.9999964947921509 -0.0023987732679336977 0.001120843530733753 -35.54582720719476 0.0024012455614023836 0.9999946757658117 -0.002209628878962533 8.40378718382064 -0.0011155371644137068 0.00221231255430687 0.9999969306202874 44.06492455203791
0.9999964947921509 -0.0023987732679336977 0.001120843530733753 -35.54582720719476 0.0024012455614023836 0.9999946757658117 -0.002209628878962533 8.40378718382064 -0.0011155371644137068 0.00221231255430687 0.9999969306202874 44.06492455203791
0.9999964947921509 -0.0023987732679336977 0.001120843530733753 -35.54582720719476 0.0024012455614023836 0.9999946757658117 -0.002209628878962533 8.40378718382064 -0.0011155371644137068 0.00221231255430687 0.9999969306202874 44.06492455203791
0.9999964947921509 -0.0023987732679336977 0.001120843530733753 -35.54582720719476 0.0024012455614023836 0.9999946757658117 -0.002209628878962533 8.40378718382064 -0.0011155371644137068 0.00221231255430687 0.9999969306202874 44.06492455203791
0.9999964947921509 -0.0023987732679336977 0.001120843530733753 -35.54582720719476 0.0024012455614023836 0.9999946757658117 -0.002209628878962533 8.40378718382064 -0.0011155371644137068 0.00221231255430687 0.9999969306202874 44.06492455203791
0.9999947232501828 -0.0029940717297026295 0.0012605579188048732 -37.001954848921855 0.0029973940721785336 0.9999920176340216 -0.0026420251728088706 8.019863536266467 -0.0012526374436915876 0.002645789620336137 0.9999957153391802 46.0472255460048
0.9999947232501828 -0.0029940717297026295 0.0012605579188048732 -37.001954848921855 0.0029973940721785336 0.9999920176340216 -0.0026420251728088706 8.019863536266467 -0.0012526374436915876 0.002645789620336137 0.9999957153391802 46.0472255460048
0.9999947232501828 -0.0029940717297026295 0.0012605579188048732 -37.001954848921855 0.0029973940721785336 0.9999920176340216 -0.0026420251728088706 8.019863536266467 -0.0012526374436915876 0.002645789620336137 0.9999957153391802 46.0472255460048
0.9999947232501828 -0.0029940717297026295 0.0012605579188048732 -37.001954848921855 0.0029973940721785336 0.9999920176340216 -0.0026420251728088706 8.019863536266467 -0.0012526374436915876 0.002645789620336137 0.9999957153391802 46.0472255460048
0.9999947232501828 -0.0029940717297026295 0.0012605579188048732 -37.001954848921855 0.0029973940721785336 0.9999920176340216 -0.0026420251728088706 8.019863536266467 -0.0012526374436915876 0.002645789620336137 0.9999957153391802 46.0472255460048
0.9999947232501828 -0.0029940717297026295 0.0012605579188048732 -37.001954848921855 0.0029973940721785336 0.9999920176340216 -0.0026420251728088706 8.019863536266467 -0.0012526374436915876 0.002645789620336137 0.9999957153391802 46.0472255460048
0.9999947232501828 -0.0029940717297026295 0.0012605579188048732 -37.001954848921855 0.0029973940721785336 0.9999920176340216 -0.0026420251728088706 8.019863536266467 -0.0012526374436915876 0.002645789620336137 0.9999957153391802 46.0472255460048
0.9999947232501828 -0.0029940717297026295 0.0012605579188048732 -37.001954848921855 0.0029973940721785336 0.9999920176340216 -0.0026420251728088706 8.019863536266467 -0.0012526374436915876 0.002645789620336137 0.9999957153391802 46.0472255460048
0.9999947232501828 -0.0029940717297026295 0.0012605579188048732 -37.001954848921855 0.0029973940721785336 0.9999920176340216 -0.0026420251728088706 8.019863536266467 -0.0012526374436915876 0.002645789620336137 0.9999957153391802 46.0472255460048
0.9999947232501828 -0.0029940717297026295 0.0012605579188048732 -37.001954848921855 0.0029973940721785336 0.9999920176340216 -0.0026420251728088706 8.019863536266467 -0.0012526374436915876 0.002645789620336137 0.9999957153391802 46.0472255460048
0.9999947232501828 -0.0029940717297026295 0.0012605579188048732 -37.001954848921855 0.0029973940721785336 0.9999920176340216 -0.0026420251728088706 8.019863536266467 -0.0012526374436915876 0.002645789620336137 0.9999957153391802 46.0472255460048
0.9999947232501828 -0.0029940717297026295 0.0012605579188048732 -37.001954848921855 0.0029973940721785336 0.9999920176340216 -0.0026420251728088706 8.019863536266467 -0.0012526374436915876 0.002645789620336137 0.9999957153391802 46.0472255460048
-0.7401217447183698 0.1462238053237755 0.6563828164658717 -34.70036499853595 0.14073952580906846 -0.920776274597245 0.36381786379156295 9.271181646995325 0.6575805569434622 0.36164851844774937 0.6609070738269283 51.85154317077811
-0.7401217447183698 0.1462238053237755 0.6563828164658717 -34.70036499853595 0.14073952580906846 -0.920776274597245 0.36381786379156295 9.271181646995325 0.6575805569434622 0.36164851844774937 0.6609070738269283 51.85154317077811
-0.7401217447183698 0.1462238053237755 0.6563828164658717 -34.70036499853595 0.14073952580906846 -0.920776274597245 0.36381786379156295 9.271181646995325 0.6575805569434622 0.36164851844774937 0.6609070738269283 51.85154317077811
-0.7401217447183698 0.1462238053237755 0.6563828164658717 -34.70036499853595 0.14073952580906846 -0.920776274597245 0.36381786379156295 9.271181646995325 0.6575805569434622 0.36164851844774937 0.6609070738269283 51.85154317077811
-0.7401217447183698 0.1462238053237755 0.6563828164658717 -34.70036499853595 0.14073952580906846 -0.920776274597245 0.36381786379156295 9.271181646995325 0.6575805569434622 0.36164851844774937 0.6609070738269283 51.85154317077811
-0.7401217447183698 0.1462238053237755 0.6563828164658717 -34.70036499853595 0.14073952580906846 -0.920776274597245 0.36381786379156295 9.271181646995325 0.6575805569434622 0.36164851844774937 0.6609070738269283 51.85154317077811
-0.7401217447183698 0.1462238053237755 0.6563828164658717 -34.70036499853595 0.14073952580906846 -0.920776274597245 0.36381786379156295 9.271181646995325 0.6575805569434622 0.36164851844774937 0.6609070738269283 51.85154317077811
-0.7401217447183698 0.1462238053237755 0.6563828164658717 -34.70036499853595 0.14073952580906846 -0.920776274597245 0.36381786379156295 9.271181646995325 0.6575805569434622 0.36164851844774937 0.6609070738269283 51.85154317077811
-0.7401217447183698 0.1462238053237755 0.6563828164658717 -34.70036499853595 0.14073952580906846 -0.920776274597245 0.36381786379156295 9.271181646995325 0.6575805569434622 0.36164851844774937 0.6609070738269283 51.85154317077811
-0.7401217447183698 0.1462238053237755 0.6563828164658717 -34.70036499853595 0.14073952580906846 -0.920776274597245 0.36381786379156295 9.271181646995325 0.6575805569434622 0.36164851844774937 0.6609070738269283 51.85154317077811
-0.7401217447183698 0.1462238053237755 0.6563828164658717 -34.70036499853595 0.14073952580906846 -0.920776274597245 0.36381786379156295 9.271181646995325 0.6575805569434622 0.36164851844774937 0.6609070738269283 51.85154317077811
-0.7401217447183698 0.1462238053237755 0.6563828164658717 -34.70036499853595 0.14073952580906846 -0.920776274597245 0.36381786379156295 9.271181646995325 0.6575805569434622 0.36164851844774937 0.6609070738269283 51.85154317077811
-0.7401690590048567 0.14554502555215773 0.6564803193004994 -32.2397351727406 0.14100558994563914 -0.9209914549243169 0.36316960715411084 10.31482309818699 0.6574702941547593 0.36137430109709096 0.661166716351211 52.6432171020947
-0.7401690590048567 0.14554502555215773 0.6564803193004994 -32.2397351727406 0.14100558994563914 -0.9209914549243169 0.36316960715411084 10.31482309818699 0.6574702941547593 0.36137430109709096 0.661166716351211 52.6432171020947
-0.7401690590048567 0.14554502555215773 0.6564803193004994 -32.2397351727406 0.14100558994563914 -0.9209914549243169 0.36316960715411084 10.31482309818699 0.6574702941547593 0.36137430109709096 0.661166716351211 52.6432171020947
-0.7401690590048567 0.14554502555215773 0.6564803193004994 -32.2397351727406 0.14100558994563914 -0.9209914549243169 0.36316960715411084 10.31482309818699 0.6574702941547593 0.36137430109709096 0.661166716351211 52.6432171020947
-0.7401690590048567 0.14554502555215773 0.6564803193004994 -32.2397351727406 0.14100558994563914 -0.9209914549243169 0.36316960715411084 10.31482309818699 0.6574702941547593 0.36137430109709096 0.661166716351211 52.6432171020947
-0.7401690590048567 0.14554502555215773 0.6564803193004994 -32.2397351727406 0.14100558994563914 -0.9209914549243169 0.36316960715411084 10.31482309818699 0.6574702941547593 0.36137430109709096 0.661166716351211 52.6432171020947
-0.7401690590048567 0.14554502555215773 0.6564803193004994 -32.2397351727406 0.14100558994563914 -0.9209914549243169 0.36316960715411084 10.31482309818699 0.6574702941547593 0.36137430109709096 0.661166716351211 52.6432171020947
-0.7401690590048567 0.14554502555215773 0.6564803193004994 -32.2397351727406 0.14100558994563914 -0.9209914549243169 0.36316960715411084 10.31482309818699 0.6574702941547593 0.36137430109709096 0.661166716351211 52.6432171020947
-0.7401690590048567 0.14554502555215773 0.6564803193004994 -32.2397351727406 0.14100558994563914 -0.9209914549243169 0.36316960715411084 10.31482309818699 0.6574702941547593 0.36137430109709096 0.661166716351211 52.6432171020947
-0.7401690590048567 0.14554502555215773 0.6564803193004994 -32.2397351727406 0.14100558994563914 -0.9209914549243169 0.36316960715411084 10.31482309818699 0.6574702941547593 0.36137430109709096 0.661166716351211 52.6432171020947
-0.7401690590048567 0.14554502555215773 0.6564803193004994 -32.2397351727406 0.14100558994563914 -0.9209914549243169 0.36316960715411084 10.31482309818699 0.6574702941547593 0.36137430109709096 0.661166716351211 52.6432171020947
-0.7401690590048567 0.14554502555215773 0.6564803193004994 -32.2397351727406 0.14100558994563914 -0.9209914549243169 0.36316960715411084 10.31482309818699 0.6574702941547593 0.36137430109709096 0.661166716351211 52.6432171020947
-0.7402033649977677 0.1451445661975121 0.6565302988814128 -30.228568898391043 0.14127292476604064 -0.9210555252383937 0.36290312778463896 10.770271113015331 0.657374276325161 0.36137207187490533 0.661263401750625 53.35293030479326
-0.7402033649977677 0.1451445661975121 0.6565302988814128 -30.228568898391043 0.14127292476604064 -0.9210555252383937 0.36290312778463896 10.770271113015331 0.657374276325161 0.36137207187490533 0.661263401750625 53.35293030479326
-0.7402033649977677 0.1451445661975121 0.6565302988814128 -30.228568898391043 0.14127292476604064 -0.9210555252383937 0.36290312778463896 10.770271113015331 0.657374276325161 0.36137207187490533 0.661263401750625 53.35293030479326
-0.7402033649977677 0.1451445661975121 0.6565302988814128 -30.228568898391043 0.14127292476604064 -0.9210555252383937 0.36290312778463896 10.770271113015331 0.657374276325161 0.36137207187490533 0.661263401750625 53.35293030479326
-0.7402033649977677 0.1451445661975121 0.6565302988814128 -30.228568898391043 0.14127292476604064 -0.9210555252383937 0.36290312778463896 10.770271113015331 0.657374276325161 0.36137207187490533 0.661263401750625 53.35293030479326
